3
1
9
8
7
5
5
325
5
435
4
68787
9
89
2
675
234
56
7
324
32
3
0
7
65
56
-1
432
0
43
543
-1
546
0
34
6
-1
3423
87990
924
8
67
6243
5
13
54
3
345
24
6
324
767
234
56
32432
34
65
8
66
9763
123
9
3
1
7
5
5
8
9
4
234
5
32
2
432
325
3423
7
924
435
0
7
65
56
-1
6243
0
43
543
-1
68787
0
34
6
-1
13
89
3
675
6
56
767
324
56
3
24
34
324
546
234
8
32432
87990
65
66
8
9763
67
123
5
54
345
9
1
3
8
5
5
7
325
4
435
5
68787
2
89
9
675
7
56
324
234
0
7
65
56
-1
3
32
546
0
43
543
-1
87990
432
8
0
34
6
-1
67
3423
5
924
54
6243
345
13
3
24
6
324
767
234
56
32432
34
65
8
66
9763
123
1
8
5
9
5
3
4
325
2
7
7
435
5
0
7
65
56
-1
68787
89
675
56
324
3
546
87990
8
9
67
5
54
345
0
43
543
-1
234
0
34
6
-1
32
432
3423
924
6243
13
3
6
24
767
324
234
56
32432
34
8
65
66
9763
123
9
3
1
7
5
9
5
234
32
432
8
3423
924
6243
4
13
5
3
2
6
325
767
7
56
435
34
0
7
65
56
-1
68787
0
43
543
-1
8
0
34
6
-1
89
675
66
56
9763
123
324
24
324
3
546
87990
8
67
5
54
345
234
32432
65
3
7
5
1
9
8
5
9
234
325
5
4
2
435
68787
89
675
56
7
32
324
432
0
7
65
56
-1
3
0
43
543
-1
3423
0
34
6
-1
546
87990
8
67
924
6243
5
24
324
234
32432
65
13
3
6
54
767
56
345
34
8
66
9763
123
